00000000000000000000000000000000000000000000000000000000000000000000000000000000
00000000000000000000000000000000000000000000000000000000000000000000000000000000
00000000000000000000000000000000000000000000000000000000000000000000000000000000
00000000000000000000000000000000000000000000000000000000000000000000000000000000
00000000000000000000000000000000000000000000000000000000000000000000000000000000
00000000000000000000000000000000000000000000000000000000000000000000000000000000
00000000000000000000000000000000000000000000000000000000000000000000000000000000
00000000000000000000000000000000000000000000000000000000000000000000000000000000
00000000000000000000000000000000000000000000000000000000000000000000000000000000
00000000000000000000000000000000000000000000000000000000000000000000000000000000
00000000000000000000000000000000000000000000000000000000000000000000000000000000
00000000000000000000000000000000000000000000000000000000000000000000000000000000
00000000000000000000000000000000000000000000000000000000000000000000000000000000
00000000000000000000000000000000000000000000000000000000000000000000000000000000
00000000000000000000000000000000000001000001000000000000000000000000000000000000
00000000000000000000000000000000000011100011100000000000000000000000000000000000
00000000000000000000000000000000000100100010010000000000000000000000000000000000
00000000000000000000000000000000001110000000111000000000000000000000000000000000
00000000000000000000000000000000000101000001010000000000000000000000000000000000
00000000000000000000000000000000000001100011000000000000000000000000000000000000
00000000000000000000000000000000010000100010000100000000000000000000000000000000
00000000000000000000000000000000000000100010000000000000000000000000000000000000
00000000000000000000000000000000011000100010001100000000000000000000000000000000
00000000000000000000000000000000000100100010010000000000000000000000000000000000
00000000000000000000000000000000000001000001000000000000000000000000000000000000
